5
-73 -34 383
-371 44 -263
-86 -5 176
-203 23 36
-272 32 -105
-95 10 65
-123 -22 -256
4
-452 365 448
68 44 -151
-10 202 -113
-115 357 -132
-72 225 319
-324 215 403
1
-286 147 432
-81 349 -170
-243 291 244
4
463 -115 -92
-181 183 -74
321 95 -77
147 -78 -85
338 159 -89
282 -5 -83
3
459 197 -83
-194 -191 -691
424 -57 -116
116 7 -488
148 153 -207
5
-97 425 -220
-476 -458 -543
-173 -290 -272
-346 -132 -385
-465 393 -269
-106 168 -455
-165 -22 -350
3
81 -442 241
0 492 394
14 -74 381
25 450 298
42 267 275
5
-147 333 140
48 -351 162
-28 -34 152
-140 278 153
39 44 148
-38 194 154
9 67 145
2
-77 9 63
-423 492 367
-202 233 262
-144 50 116
4
62 -402 47
288 -3 -578
146 -401 -132
145 -91 -4
274 -258 -462
148 -216 11
2
-16 317 -293
136 -217 -904
17 288 -406
19 70 -717
5
178 -91 -211
431 455 -203
418 50 -205
257 364 -205
211 206 -206
180 373 -205
354 224 -209
5
123 -149 2
-495 -409 -379
-91 -323 -355
-80 -247 -175
55 -198 -155
-169 -401 -333
71 -344 -46
2
-204 354 253
-71 -311 -780
-146 -102 -537
-203 -268 -152
3
373 -296 -341
-409 61 -637
-261 -151 -569
238 -163 -401
260 -64 -474
3
284 261 -373
377 441 -971
351 409 -411
322 284 -582
321 287 -667
4
162 -376 -359
74 259 322
94 188 -166
141 225 280
122 40 -318
147 95 -238
5
116 -301 -176
-128 126 -984
-13 -238 -720
-29 46 -487
50 -297 -774
-27 -104 -724
107 -69 -203
1
497 -378 -432
215 -446 455
251 -390 -233
2
-33 338 455
451 302 -865
306 308 84
411 308 158
2
398 394 -344
328 -222 42
378 30 -318
330 82 -34
4
-69 45 -252
-273 -437 -62
-88 -119 -114
-88 -375 -225
-89 -368 -111
-188 -230 -112
4
450 -300 151
-451 89 -593
-110 -249 -205
-414 80 -316
125 73 -532
-40 -25 -399
4
-45 -3 -327
-372 -54 -800
-179 -37 -760
-299 -28 -625
-231 -19 -534
-212 -26 -764
5
21 -299 -63
256 -365 -41
150 -300 -44
181 -362 -43
64 -334 -59
234 -320 -60
250 -308 -60
4
199 340 -250
80 428 131
182 397 -185
147 366 124
105 372 -207
180 343 -109
2
180 188 -172
-278 392 -33
119 197 -168
124 295 -132
5
-26 -99 -399
81 315 -919
11 77 -711
28 -55 -423
-15 12 -742
-2 118 -622
40 -86 -418
1
202 487 -471
17 -120 133
176 406 28
6
144 -370 443
173 141 -998
165 88 -944
170 -8 377
160 -24 -14
149 -39 -601
157 -43 -166
147 -133 -991
6
-148 -429 343
340 -442 -129
39 -434 222
321 -437 -80
87 -430 329
112 -435 -63
78 -437 157
-71 -435 182
3
-308 -202 -61
350 -382 -642
199 -371 -255
44 -349 -165
230 -282 -505
5
-134 500 72
407 109 245
80 388 182
330 136 244
250 278 115
245 151 145
328 496 165
2
79 -47 158
-220 -213 206
-13 -151 161
7 -191 169
2
257 -116 157
281 -198 -19
271 -152 74
272 -156 32
5
420 -383 248
428 320 -840
423 230 -192
422 -227 -33
423 -180 -714
422 -281 -282
425 0 -696
3
-488 337 306
-430 -9 -298
-466 200 -170
-445 269 259
-472 55 -124
6
109 331 433
-409 -412 231
-370 -360 340
-298 -388 324
-298 -191 354
-229 -118 380
-231 -1 391
-92 58 243
3
-127 -444 160
278 444 -144
-48 80 88
157 -251 -116
131 -291 -103
1
-434 -47 -238
291 418 444
90 211 179
4
128 431 241
-369 -255 -798
-280 -90 -16
-284 -147 -47
-355 176 -241
-278 -247 -373
6
-90 -347 265
104 192 -632
30 -307 -70
43 -243 45
14 176 -345
-89 -134 93
-43 -282 -543
51 -278 124
5
88 -185 321
226 143 -475
186 105 195
89 89 -313
167 19 255
135 -41 227
212 -6 263
2
-425 187 353
493 54 -409
-386 68 -101
-96 182 213
4
-394 305 -385
-466 -489 -789
-431 -367 -610
-413 -139 -689
-453 -252 -542
-402 -198 -667
3
-310 331 21
-251 440 -857
-307 395 -485
-292 432 -573
-259 409 -570
6
100 -136 158
60 -178 -844
78 -168 -785
91 -151 -58
85 -148 -58
96 -171 -161
83 -172 -678
94 -168 -317
5
189 -321 471
-179 350 -605
15 60 132
84 65 -192
-14 -28 -99
-140 333 311
35 -226 358
1
-398 150 309
386 -406 -74
36 96 300
2
459 -52 -435
-312 287 -945
154 77 -862
4 245 -863
2
203 3 365
-75 -105 -798
56 -51 -129
-32 -79 -369
1
103 -54 45
-171 457 -898
-166 325 -712
5
-207 324 240
420 468 152
249 337 213
-176 451 187
328 437 184
47 345 214
360 414 170
1
58 338 -276
-481 450 -262
-201 395 -274
4
-62 -276 -294
229 49 -270
147 -87 -279
192 -252 -271
215 -181 -279
29 -16 -271
5
174 -46 103
183 429 -664
180 295 -299
181 268 -553
178 222 -182
179 209 46
182 73 -494
4
-299 -198 129
453 -225 -625
3 -216 -289
192 -203 -375
-275 -203 -487
335 -220 -314
5
-67 268 169
396 343 -805
95 274 -593
17 325 -649
153 285 15
249 313 -395
58 272 -612
5
296 280 331
123 308 -536
165 300 -305
255 282 256
248 294 -374
176 302 -413
165 293 62
3
253 -211 131
75 276 172
252 -194 144
241 -122 138
145 -76 157
3
-455 -78 -266
427 -297 -141
204 -240 -227
282 -200 -196
-100 -111 -233
1
465 151 229
-351 -39 -856
392 149 -597
3
450 -461 -187
-85 -26 465
96 -326 41
133 -171 344
344 -253 386
4
494 404 49
-286 -193 217
-233 338 69
-133 137 212
453 79 143
-235 268 99
2
500 -233 -175
36 -449 -402
401 -385 -342
161 -279 -273
6
-209 177 -278
133 84 -265
12 140 -268
-39 138 -274
40 149 -267
-122 96 -275
-143 152 -273
31 156 -268
6
-349 130 -176
175 380 99
126 269 -55
-295 162 -89
-251 237 58
7 226 62
-100 287 -42
-93 167 -164
3
-163 -337 40
80 -29 -796
-92 -244 -391
-51 -214 -367
-44 -212 -430
3
234 363 140
121 -99 -831
211 210 -135
158 274 -31
130 105 -394
2
431 261 -356
42 -107 -449
369 245 -423
85 -29 -385
5
267 60 -341
-130 353 28
73 337 -163
140 220 -42
199 318 -256
-98 183 -11
87 103 -249
5
-61 494 -349
428 150 98
124 335 -27
383 261 -271
87 286 -20
206 446 -348
202 390 74
5
85 -159 277
254 -361 -505
231 -304 -74
185 -272 -250
182 -333 -163
169 -301 89
143 -255 -203
6
-127 -266 -350
-214 159 -868
-166 157 -815
-210 -206 -815
-212 67 -398
-142 87 -491
-186 128 -613
-188 -99 -619
6
-106 48 244
-170 267 -544
-145 137 -40
-147 65 -299
-111 187 -256
-163 168 -129
-115 124 -458
-163 162 173
1
-221 468 428
128 -35 -570
-211 -17 -278
3
-248 -191 280
275 66 -983
105 28 -252
-109 8 15
182 -172 206
6
-266 -302 296
-348 73 -438
-321 -45 -30
-272 -271 172
-267 -144 -206
-277 -276 -237
-343 72 -354
-305 -228 233
3
27 456 304
-193 -385 157
-34 -201 216
-156 295 254
-38 -4 302
1
270 485 244
-431 239 -427
117 373 151
4
327 -469 415
181 451 283
206 145 295
273 133 288
207 -18 296
318 34 330
5
-232 -298 173
-312 98 -895
-238 67 -854
-272 -198 -711
-284 -25 -508
-290 -264 -315
-259 -204 -172
3
314 391 -345
-172 422 377
298 403 158
236 399 58
177 419 355
6
24 -46 -26
292 1 -3
84 -19 -18
256 -35 -22
52 -30 -14
188 -4 -7
244 -1 -17
144 -15 -21
4
-43 123 -417
-367 55 -428
-276 119 -418
-47 73 -427
-115 111 -418
-181 91 -419
2
104 -451 -246
47 -167 -569
91 -412 -410
61 -390 -280
6
438 -83 114
-319 -346 -684
288 -156 -433
-85 -264 -301
-138 -306 -340
201 -323 -279
49 -254 -121
-132 -109 -442
6
-40 -308 -458
-150 -469 -267
-139 -312 -356
-148 -400 -319
-149 -391 -388
-83 -433 -273
-74 -387 -385
-86 -354 -449
4
427 73 58
-155 238 410
50 121 179
-64 226 130
-16 183 211
-131 119 124
4
138 -194 396
300 280 -895
242 1 -366
143 95 259
202 262 -755
215 -155 343
6
26 -19 282
-145 -52 185
-34 -34 272
-33 -21 192
-114 -36 225
12 -34 261
-119 -45 198
-24 -37 243
2
306 -304 121
-384 -430 -428
-330 -395 -56
-325 -307 -244
2
340 122 -296
348 266 91
344 200 -86
343 191 -229
3
68 259 -154
-352 -439 -138
-320 198 -140
53 76 -139
-120 187 -143
4
320 -1 -90
68 165 -320
298 106 -172
178 4 -104
293 79 -224
215 155 -308
4
326 410 117
-164 -400 -405
25 -26 64
97 372 -245
-91 -264 36
-28 226 -399
5
325 -4 -24
193 231 -69
310 192 -68
201 9 -28
277 110 -35
216 143 -45
209 77 -61
5
-359 -80 -198
-473 -128 368
-369 -101 269
-398 -93 -118
-371 -126 71
-390 -85 8
-417 -100 89
1
431 -396 -21
-453 -466 -39
-319 -421 -29
6
-317 -131 -463
-70 -265 -341
-107 -263 -348
-260 -236 -402
-305 -205 -377
-258 -256 -439
-240 -170 -351
-226 -236 -459
4
-447 168 -193
-250 -25 -74
-396 1 -124
-341 89 -145
-324 40 -182
-254 -24 -147
3
-55 -490 -268
478 210 97
123 -162 -109
6 -280 -223
-13 -340 -149
4
10 64 330
73 90 -789
12 88 252
11 69 -733
67 87 -212
66 88 -691
4
-193 64 48
388 318 238
118 189 102
-12 179 115
11 166 134
-127 80 105
2
38 -418 -498
473 107 178
242 -95 -327
253 -159 -330
4
-242 -164 -44
257 38 -27
39 3 -37
177 34 -32
-145 -112 -42
-115 23 -42
3
-442 -282 349
-467 -357 -710
-455 -310 -526
-450 -328 170
-463 -348 -637
5
222 270 -168
95 -80 -866
104 264 -374
156 200 -576
142 -19 -628
179 -76 -591
199 233 -311
1
-161 -223 426
-76 -385 -999
-80 -273 -863
4
338 -87 335
243 -476 -30
263 -338 270
297 -256 127
278 -94 284
291 -277 229
2
-256 -425 155
278 -352 -80
101 -392 -22
-119 -416 9
2
-389 -290 483
473 219 -42
215 -218 239
-103 95 417
1
10 209 -217
121 -221 -261
15 126 -254
4
407 459 374
-57 349 -416
26 414 44
250 420 160
255 385 -233
246 456 -162
4
-310 123 472
237 -485 236
118 -220 311
-304 -311 426
149 -189 284
-54 -428 443
2
431 -106 -322
105 82 18
290 -23 -163
422 -65 -155
5
-14 379 -245
193 386 416
108 384 35
141 380 231
56 383 59
-13 382 49
108 382 60
4
-287 116 -231
-103 -439 -515
-257 61 -266
-131 -61 -277
-215 -241 -475
-180 -234 -424
5
-22 -279 131
378 -210 435
141 -270 148
-1 -247 315
65 -245 146
43 -221 428
361 -248 175
3
-463 -435 313
-93 -6 93
-293 -173 152
-285 -243 242
-151 -105 133
6
-36 -491 251
-494 -132 -773
-306 -281 -162
-62 -481 151
-45 -486 -140
-352 -176 -267
-100 -474 59
-470 -166 93
1
-185 -499 49
90 -207 113
70 -476 98
2
-76 450 -154
-444 176 -406
-238 291 -236
-279 401 -179
3
134 -12 -374
320 73 386
187 66 -362
221 1 150
285 30 226
4
-497 -99 -301
-267 387 -388
-376 195 -332
-331 -78 -386
-443 -6 -359
-463 189 -322
6
-224 -377 267
-115 -160 -180
-124 -187 -61
-176 -225 21
-190 -315 -159
-204 -190 -100
-134 -332 -146
-156 -272 205
2
63 36 350
-219 92 -450
-94 84 19
30 67 -295
4
453 -402 -352
111 -336 -693
355 -395 -652
205 -376 -443
435 -372 -534
296 -344 -424
4
-117 -69 -433
122 -389 -158
49 -371 -202
48 -277 -427
49 -127 -204
43 -337 -408
3
291 -489 237
334 248 -214
310 127 98
323 103 3
329 43 -202
2
-230 -207 -433
352 363 -350
234 40 -426
98 75 -409
3
187 -429 46
474 285 -191
454 226 -160
275 -234 -11
473 23 -95
5
-121 384 -464
-132 -347 -59
-123 219 -448
-127 154 -109
-129 188 -383
-123 69 -324
-126 -288 -167
4
-138 -285 -301
251 -272 432
49 -274 -265
-2 -282 -144
10 -275 -207
162 -281 231
6
279 -153 -397
-325 267 -825
-205 -144 -680
-124 232 -486
47 -14 -561
48 -74 -739
-59 -6 -558
46 205 -403
1
-122 414 54
-13 435 -848
-47 426 24
5
-368 -266 -226
-428 -85 -51
-419 -95 -219
-398 -137 -58
-403 -105 -169
-420 -262 -82
-393 -128 -66
4
263 -103 -266
-115 348 209
146 -1 -158
-85 7 -6
35 171 -140
-110 143 81
5
133 -128 218
474 246 455
395 26 244
427 195 284
226 75 345
299 60 388
333 56 429
4
258 -437 173
-38 272 -379
215 259 73
156 6 -368
159 271 -268
253 -264 171
2
394 231 332
148 480 -924
247 451 -156
373 467 138
5
399 426 180
83 -174 402
214 42 306
363 -35 364
262 250 244
123 -1 269
388 368 290
2
201 383 90
-273 -253 492
-232 -249 351
-100 295 397
4
71 -191 409
-303 155 -629
-232 -39 -87
-198 85 50
-141 -24 -268
30 -117 -3
6
-254 -73 -77
332 262 -683
227 198 -198
-81 239 -125
164 -28 -139
247 179 -137
-222 132 -160
-106 77 -488
6
-271 -169 126
364 -383 -816
62 -213 -678
44 -209 -556
220 -288 42
152 -255 -718
278 -173 -32
-95 -276 -340
4
-256 154 343
-251 493 442
-253 360 345
-255 200 434
-254 277 430
-253 444 392
1
68 -252 246
-286 -452 198
-94 -265 199
5
-437 133 -78
384 140 -576
357 139 -388
-255 138 -266
251 137 -460
71 139 -365
370 134 -355
5
-114 117 323
337 -344 481
-76 -38 422
281 -222 444
62 108 369
302 -138 421
-111 -223 445
1
344 -478 57
-22 473 87
112 306 83
5
193 -72 258
340 382 -17
277 272 210
194 123 249
200 -42 61
211 101 51
318 140 24
1
390 -62 104
374 276 -330
377 151 -27
6
-329 485 121
-168 205 9
-177 234 47
-313 317 84
-297 448 76
-304 427 78
-316 309 28
-253 397 13
6
-157 -4 -470
147 -36 419
102 -15 -330
5 -17 -391
-145 -21 -2
137 -6 -344
48 -11 -54
-51 -16 -378
6
270 240 -478
-406 388 -15
-393 371 -468
-357 299 -460
-353 297 -320
171 242 -56
-299 290 -387
42 280 -461
3
-471 -261 469
124 -68 59
-258 -167 233
-194 -95 466
-315 -155 434
1
461 -69 276
166 -392 70
240 -126 228
4
332 319 316
337 -74 -717
333 -43 256
333 308 -179
335 196 291
333 260 -418
1
-355 377 -253
-32 -400 -649
-229 -178 -354
6
74 230 -162
-81 466 -481
28 401 -198
10 297 -478
-24 344 -395
-2 414 -167
50 326 -257
51 345 -275
2
-412 96 242
457 -278 -330
213 -251 -162
185 -66 238
5
-332 -41 -302
470 258 188
409 187 -102
-58 86 -140
62 198 -289
354 151 -262
93 188 53
4
162 -42 -46
-427 252 287
-7 24 184
-132 57 268
-335 6 95
-132 200 33
5
-157 413 231
-268 -471 -29
-212 -346 -8
-200 -190 -12
-171 0 79
-265 264 -27
-242 374 72
2
270 241 373
181 -383 127
230 -211 225
246 178 261
4
-330 -347 123
-282 234 97
-283 -19 117
-316 214 110
-286 209 101
-319 -103 106
3
-434 -433 275
271 -282 -519
265 -371 -469
-355 -429 125
45 -348 -395
5
-296 -486 -500
95 298 479
28 -477 -453
-240 -109 207
-111 2 -155
-12 -350 -190
-258 97 -285
3
236 -176 -381
-205 322 -919
-128 -97 -470
-60 172 -724
150 -106 -386
4
391 112 335
1 87 405
348 89 391
244 110 349
74 110 360
159 90 377
2
-125 -361 60
490 -100 -788
270 -338 -265
375 -234 -729
5
-160 -35 -176
-144 149 -86
-153 49 -155
-152 13 -170
-154 57 -159
-150 -12 -90
-147 83 -114
5
253 462 465
-238 91 -481
245 188 -25
-195 369 16
92 93 142
-26 155 75
190 166 -432
6
-49 -52 -449
-344 395 268
-325 -16 -246
-341 15 238
-336 201 -107
-133 362 -35
-268 213 -354
-66 271 -258
5
352 -184 64
-281 -445 -65
170 -219 21
301 -277 22
38 -353 56
-14 -359 -38
-260 -208 43
1
400 25 -417
-374 -156 -9
-296 -85 -394
3
-345 -45 -18
326 487 -884
-82 275 -247
34 7 -795
162 -27 -326
6
-304 496 -205
396 110 -426
87 241 -267
303 400 -269
8 255 -313
125 262 -293
40 153 -376
-93 333 -216
2
180 -466 409
-439 -102 381
-33 -335 390
-31 -452 393
1
-362 -182 -305
44 295 -432
-154 -180 -424
2
13 405 -120
155 349 -557
30 404 -210
130 389 -183
1
-173 -163 373
77 164 -73
-164 -126 288
5
-152 -26 479
207 63 -198
-10 47 131
-139 12 -166
-34 2 -53
-54 28 438
-145 -14 64
2
-171 -461 34
-384 212 196
-248 135 162
-211 132 37
3
-317 -48 250
-425 -25 -370
-319 -29 139
-414 -34 -194
-338 -29 -214
2
-280 463 238
-270 398 -173
-272 408 -69
-278 399 -90
4
-139 -103 -281
-152 -445 -393
-144 -170 -302
-149 -151 -303
-143 -127 -294
-145 -221 -320
2
112 -359 -202
314 -290 52
177 -357 -56
269 -331 15
2
135 207 39
-422 136 223
-71 185 140
-215 138 209
6
79 -15 146
-478 -86 290
34 -40 169
-410 -18 202
16 -25 252
76 -56 172
-93 -61 223
-373 -38 262
6
6 405 63
395 98 498
137 153 121
9 348 237
195 250 422
342 265 322
351 206 259
10 137 495
1
-357 494 -495
430 86 -675
-104 154 -600
1
313 -97 -305
290 -437 417
293 -109 20
6
394 179 -7
44 347 -196
180 258 -30
248 281 -70
137 280 -49
166 192 -188
94 189 -141
200 334 -116
3
-40 446 -290
102 -202 437
10 -21 -284
48 8 -72
10 400 273
6
98 295 222
-173 -410 -295
3 10 195
4 -131 13
20 -224 -207
-148 -331 -64
-72 -207 -196
6 182 -227
3
-458 -338 -426
-382 76 428
-417 -129 132
-401 -337 62
-386 -255 -93
4
122 402 -338
-95 48 374
-57 369 -76
29 302 63
-24 79 -140
76 286 50
4
-398 -395 35
198 483 -920
71 -34 -702
-256 -49 -589
-316 -291 -49
68 -88 -342
1
-170 480 -207
54 -482 -65
-79 356 -188
1
-86 152 377
-411 353 279
-201 252 311
2
-251 138 -74
316 24 366
-64 108 -9
-241 100 202
2
183 -492 -228
-410 -454 -897
74 -471 -828
-268 -477 -322
1
461 -445 -363
83 76 278
165 -377 142
5
-259 -212 -143
460 -352 -951
154 -317 -700
186 -280 -543
-111 -301 -544
418 -305 -871
24 -284 -829
5
-347 126 -272
363 162 -974
22 159 -882
-214 131 -477
-103 129 -585
-50 136 -965
-275 150 -518
2
346 100 382
-237 183 72
206 115 320
-145 162 283
5
-484 139 -472
211 -393 -508
-126 -44 -486
173 -322 -488
-37 -8 -503
-158 -246 -489
-4 22 -483
6
-251 -280 -253
-302 479 -875
-282 351 -681
-278 59 -833
-299 -22 -734
-270 114 -785
-297 218 -851
-295 -36 -308
4
-215 -163 -318
-380 12 29
-324 -101 -198
-371 -50 -75
-363 2 -86
-296 -78 -51
6
-422 -250 70
404 147 -811
257 -124 -391
72 2 -799
-255 -244 -351
-298 -162 -134
-308 -210 -284
110 115 -430
5
-100 269 452
-20 -62 293
-49 59 399
-58 96 383
-92 -38 313
-78 27 442
-38 223 400
1
-458 142 -262
-160 -152 -523
-361 -104 -486
1
-240 -348 205
-388 233 -480
-356 -343 82
3
80 377 95
-477 -48 345
-340 82 126
48 66 323
-204 301 157
5
240 -375 -452
-86 -102 -696
-67 -110 -507
163 -331 -475
51 -336 -622
-72 -300 -562
1 -301 -642
2
105 18 -30
240 253 -310
191 173 -251
122 69 -121
4
206 -467 460
492 232 119
446 64 429
306 -219 401
273 -60 404
260 -243 153
6
-290 -139 -221
454 151 -812
174 -93 -643
231 -28 -645
-121 21 -623
330 111 -780
15 99 -241
-258 94 -641
1
-296 -22 -25
334 162 401
-78 118 1
1
208 259 269
0 279 -756
67 270 -240
1
-445 225 346
288 -128 -237
-424 170 -26
3
-281 20 -252
-450 380 125
-298 115 -55
-311 88 -122
-442 39 -119
3
250 -44 2
-112 113 482
247 24 186
22 35 339
62 90 406
3
458 217 370
-207 -168 -46
425 77 125
-51 71 227
100 168 92
3
376 -280 -364
-326 -19 -319
-58 -257 -330
23 -107 -342
121 -172 -325
5
-411 496 60
-477 -99 -556
-435 261 -169
-414 329 -105
-417 339 -266
-429 116 -1
-417 357 -256
2
-474 289 274
-303 -172 465
-375 -133 433
-372 242 345
1
-112 134 -41
391 -14 301
318 95 242
6
-226 169 218
494 -461 -31
240 104 36
413 -370 200
248 112 121
479 44 -16
165 -258 -18
102 49 130
5
279 19 374
-74 -386 186
132 -301 342
5 -178 313
31 -265 187
209 -317 215
112 -110 262
5
-72 186 277
-63 -146 -585
-66 34 -312
-69 98 -353
-69 37 -216
-66 -106 -172
-69 123 -287
6
-262 245 -38
-320 -217 -941
-312 -144 -635
-315 -192 -370
-300 110 -740
-316 -102 -938
-273 27 -391
-282 103 -181
6
-256 192 -360
103 261 48
-84 241 -61
-72 216 -158
-15 204 36
38 232 -63
-248 234 -213
-23 260 -237
2
195 146 -11
-405 95 -146
9 118 -90
31 126 -64
3
54 -236 322
279 93 -297
165 -73 -265
82 -14 225
243 -69 65
4
78 -421 -55
-431 -223 -995
-284 -376 -987
45 -235 -99
-323 -301 -289
-50 -410 -292
2
249 -141 133
-134 -187 357
207 -159 137
192 -180 151
2
-299 497 460
470 -45 -42
-214 292 344
70 -1 219
2
420 -298 148
57 484 -733
309 -186 111
245 -238 -56
2
301 100 485
-364 275 -979
215 214 -639
196 143 -482
4
141 25 33
-357 -492 -560
-20 -246 -193
-133 -17 -26
-54 -118 -315
-336 -367 -245
6
-405 385 364
-171 133 -916
-246 238 198
-345 336 -435
-298 213 -325
-274 270 -105
-362 281 -682
-369 228 -852
4
-218 -115 -307
496 200 -966
-160 -88 -953
442 -54 -860
273 12 -498
92 42 -919
5
261 343 380
157 -266 -629
214 110 -542
198 -211 -407
245 138 -443
248 318 -181
234 174 -210
6
118 -452 -487
244 15 19
204 -303 5
198 -360 -470
159 -46 -37
192 -421 -155
209 -255 -376
194 -327 -130
4
36 -342 -187
-138 369 -169
-86 282 -171
-133 292 -176
-10 -118 -177
-106 -20 -172
6
11 -362 -462
-432 212 -383
-367 14 -402
-237 58 -456
-54 136 -409
-192 70 -461
-360 -237 -440
-202 -234 -409
6
-126 164 -352
484 52 -31
-14 131 -252
90 142 -347
420 88 -329
-30 126 -189
-80 98 -285
-96 96 -283
5
-108 493 -428
7 231 -270
-86 318 -394
-16 380 -318
-3 256 -289
4 372 -273
-105 447 -319
3
264 161 390
-254 -242 -43
118 -145 -28
137 -110 73
21 14 93
1
-358 -443 461
-35 -196 213
-164 -255 289
3
44 35 -342
-162 -142 193
38 7 -189
-153 12 56
28 -38 -99
4
-486 -152 32
-263 -250 24
-426 -184 30
-285 -240 25
-346 -241 26
-399 -172 27
2
422 394 423
282 381 172
383 392 177
341 392 252
6
252 -139 -436
197 -294 -508
242 -197 -469
217 -218 -451
206 -187 -499
233 -211 -496
216 -147 -456
231 -146 -438
3
-54 -91 -288
254 439 -486
59 299 -358
157 256 -335
-14 345 -437
4
249 276 286
197 241 -270
238 242 -9
247 274 236
209 272 73
221 262 38
2
400 -24 0
-17 -53 -712
-8 -48 -605
32 -28 -617
2
-61 -232 -454
79 -43 -288
43 -109 -381
21 -56 -330
1
450 169 150
-497 -381 -274
-295 -174 -191
1
83 0 -470
-287 297 -512
-113 20 -491
3
192 -396 -363
-328 -338 -598
-64 -342 -483
154 -361 -421
142 -366 -480
1
159 153 -369
-172 -430 297
-96 -116 -316
5
-213 209 -40
150 265 -898
70 249 -523
116 257 -156
39 235 -170
-143 215 -245
-63 216 -209
3
-273 249 -279
-219 488 87
-226 261 65
-257 345 -46
-270 393 -25
3
250 -165 -125
-70 -46 -161
111 -58 -128
49 -122 -127
37 -82 -130
1
-78 -462 -7
-114 133 157
-101 -425 126
1
-175 -397 198
34 400 93
-143 -276 151
5
-265 426 1
99 -142 -781
11 -87 -755
-86 348 -473
72 30 -472
17 179 -128
-89 389 -143
5
-89 151 472
-393 478 355
-274 364 447
-297 454 429
-276 251 450
-209 214 398
-227 382 404
5
463 -250 424
-440 -114 -332
45 -207 362
462 -195 -295
38 -154 382
-376 -147 102
-120 -157 -257
4
-350 374 61
454 10 -345
-192 243 -149
28 71 -146
113 181 29
62 294 -261
1
151 55 -117
22 240 -934
129 163 -857
2
487 79 -181
-323 431 -749
377 216 -428
-312 191 -329
3
-81 52 452
284 -153 -469
105 -86 -375
133 -104 -207
283 14 262
2
8 -345 137
27 66 -171
12 -300 -141
9 -128 -55
2
306 430 -28
-402 -495 -955
-87 -329 -231
15 63 -93
4
423 185 -280
412 369 -975
419 318 -787
418 208 -294
422 209 -890
414 260 -518
2
476 -130 -258
-13 -368 134
350 -270 -206
463 -194 -34
5
-463 366 237
341 -367 483
317 -338 259
-32 270 449
81 -213 459
-333 239 461
-53 332 412
6
-403 -350 229
-394 106 -767
-400 -15 -184
-396 -106 -551
-397 -318 -580
-402 40 -134
-401 -54 116
-397 -29 -208
3
-231 9 -266
99 125 334
-158 19 -219
-52 74 -135
-133 89 111
1
-291 -276 -241
343 140 -432
49 -17 -255
2
337 209 -105
-65 180 -322
85 191 -304
-11 186 -280
6
420 484 107
231 -415 -674
321 -132 -6
327 -321 -13
299 -353 -246
375 379 -543
257 -405 -246
359 -74 71
6
-336 -1 47
-169 342 -332
-284 294 -320
-311 315 -266
-197 96 -4
-238 32 -330
-301 40 -36
-315 339 -315
6
94 -166 347
-500 142 -403
-162 131 -303
-328 -84 -126
-423 4 -119
-331 64 -281
40 107 -52
-214 -85 -144
5
302 -348 419
231 411 -114
257 -179 79
265 115 21
245 18 147
301 347 39
275 268 113
1
363 441 -491
-73 -420 -735
204 281 -523
5
25 -426 -136
-292 -51 -87
-79 -423 -118
1 -250 -102
-238 -410 -100
-27 -140 -95
-51 -87 -101
5
280 -277 -168
219 343 -311
245 -100 -169
273 45 -232
230 196 -274
268 -14 -217
264 -150 -248
5
-386 474 475
332 -225 374
-19 363 416
242 -158 379
-284 39 431
-292 5 409
44 -34 378
4
256 -9 439
-207 2 -10
-130 -1 294
47 -3 280
227 -6 61
-139 0 425
1
-371 -346 -449
95 96 -197
35 -115 -209
4
53 -11 -436
-255 -312 -105
-113 -280 -190
26 -104 -345
-34 -283 -431
-164 -17 -274
1
-17 -17 -406
-256 -474 -330
-57 -262 -402
1
-109 -16 439
75 456 -630
-38 18 -105
2
-364 424 -384
-290 191 -550
-292 404 -466
-293 222 -511
2
345 52 407
-289 451 -354
274 302 249
-118 343 -226
2
-106 481 122
-490 -59 -458
-194 332 -231
-445 91 -424
6
-105 -30 141
-323 296 -358
-108 220 -103
-284 231 -18
-320 14 -217
-118 10 -251
-273 266 -232
-125 -16 -204
3
239 215 -468
-499 465 -877
76 293 -741
-447 457 -691
46 364 -523
3
443 -35 37
488 -459 139
460 -390 111
481 -308 134
449 -410 48
3
-16 464 337
-366 17 -498
-129 349 -116
-45 107 317
-325 352 326
6
401 405 478
-154 415 -671
310 412 393
-8 408 -343
82 411 -512
282 411 -60
279 407 452
135 413 437
3
463 -133 -390
-8 164 162
367 16 29
285 149 -388
327 127 -256
1
-25 -116 227
258 -1 -829
140 -8 -621
5
479 -245 473
473 -214 97
475 -224 209
476 -222 162
478 -229 235
475 -241 281
478 -237 229
2
192 47 92
-251 -146 179
-88 -4 132
-182 -124 161
5
-295 -455 -146
-209 223 450
-231 -163 206
-229 -218 -67
-280 -89 89
-277 -166 161
-281 61 299
4
124 438 -412
-169 -279 479
100 -154 118
-41 138 -24
-65 -275 -355
-19 -183 -125
5
237 -171 -244
205 433 -750
232 397 -514
206 119 -378
236 276 -437
230 -24 -395
209 -79 -368
2
342 -189 -413
32 344 252
168 150 -10
165 146 -284
6
420 -180 -317
211 152 -219
235 30 -300
232 -111 -288
335 -82 -273
231 -56 -295
358 -1 -301
237 136 -309
3
48 458 -441
-380 -484 392
-121 -259 239
-116 -232 349
-73 0 291
5
485 -192 83
61 -63 -587
71 -131 -263
366 -178 -385
104 -105 -348
162 -174 -540
127 -180 -20
3
312 328 -325
45 43 -717
179 291 -544
261 137 -658
181 297 -341
1
-316 400 410
-396 285 8
-349 350 150
3
-255 -39 -364
207 404 -269
-33 147 -359
152 292 -276
197 222 -277
4
-41 297 -251
-265 228 -589
-264 270 -334
-201 274 -480
-166 274 -470
-100 263 -351
5
-246 -336 -265
-473 -480 243
-354 -476 123
-384 -425 -41
-391 -343 -246
-457 -411 75
-406 -455 -106
2
-17 89 494
-236 97 145
-98 93 469
-174 90 423
1
-166 -30 168
-106 272 2
-145 121 36
1
12 369 419
476 -272 68
248 -89 201
4
330 -366 383
158 241 -261
172 -298 145
179 225 312
176 89 146
227 -254 173
1
319 -156 331
76 360 -562
163 318 -47
4
-158 -64 88
-284 489 -828
-225 449 -274
-268 54 -116
-173 49 -463
-228 141 -218
3
-495 -4 456
370 -481 -389
125 -216 191
218 -423 -183
193 -128 409
2
13 -158 -337
395 413 -439
169 88 -384
15 4 -339
1
82 347 79
-425 171 293
-158 238 253
3
148 -220 -180
-212 -380 -264
16 -333 -250
-104 -309 -261
121 -303 -237
3
-496 -18 -271
-87 479 -376
-88 436 -345
-358 207 -321
-367 273 -343
2
392 -434 232
142 -100 -393
257 -354 -33
192 -109 -29
3
26 -64 5
105 320 -56
94 66 -11
49 54 -23
33 25 -11
6
-146 141 -246
75 -149 -788
-1 40 -763
-138 122 -462
-64 20 -728
41 -118 -474
-116 -90 -737
-23 28 -698
4
425 -222 -172
-37 153 -341
214 -171 -229
318 119 -273
-1 -193 -265
333 117 -325
5
-42 160 43
-370 186 -128
-369 180 -27
-147 178 -57
-137 168 11
-87 168 -48
-344 184 -102
4
33 474 -190
-401 261 -442
-335 297 -425
-242 363 -232
-400 382 -359
-360 299 -311
5
274 -306 105
-288 -198 16
26 -288 94
-238 -264 47
-188 -201 37
-141 -232 55
90 -282 70
5
-92 348 66
-123 -425 -485
-94 -71 -326
-120 -264 -228
-120 -334 -22
-105 -212 -276
-99 -332 -198
2
-341 232 33
22 193 -921
-161 210 -556
-209 220 -359
5
-453 386 17
135 -11 293
65 298 163
117 168 204
-344 293 24
109 296 242
-452 213 81
6
-405 -443 -172
48 457 164
-256 78 -85
-251 -63 124
-46 202 153
-84 32 44
-113 -107 48
-390 54 15
6
169 -248 226
-239 -164 68
77 -237 159
-100 -183 152
160 -241 193
-19 -190 110
123 -247 183
-79 -221 194
3
368 420 187
-65 -396 -348
91 265 -84
187 -351 -320
113 402 181
2
272 87 36
135 262 -401
250 100 -215
232 156 -180
4
-456 -308 73
-132 -266 -945
-271 -284 -700
-311 -305 -549
-198 -298 -401
-143 -283 -580
5
-107 455 -225
-39 80 -165
-100 240 -169
-77 110 -174
-92 451 -178
-63 134 -181
-104 315 -203
4
-491 -103 -146
202 -402 202
69 -152 139
-485 -112 121
-387 -113 160
74 -112 131
4
117 -22 -216
-255 -413 -410
104 -82 -246
-229 -348 -293
-63 -253 -319
3 -172 -319
5
-44 -248 216
-36 -217 -52
-41 -247 92
-42 -230 137
-41 -225 -31
-43 -227 211
-43 -241 38
1
-227 -292 -11
-39 30 101
-43 -44 11
6
389 -157 -160
292 -228 -417
340 -199 -229
387 -222 -176
374 -222 -287
313 -200 -349
350 -213 -366
363 -182 -359
6
-500 266 -413
254 92 -489
-47 147 -435
-130 176 -424
-315 129 -418
219 265 -434
-433 218 -436
-105 179 -441
2
4 39 447
-77 -255 -346
1 -29 420
1 -110 -90
3
-253 243 -456
373 -40 -531
-96 164 -497
-18 29 -472
175 110 -473
3
-217 -436 78
369 -6 -806
100 -279 -345
38 -352 -329
-57 -251 -169
3
-353 -126 147
28 -175 -808
-327 -174 -84
10 -138 39
-156 -160 -97
5
1 381 311
-367 -213 -951
-82 304 -88
-95 121 -85
-89 32 -828
-150 -39 -599
-337 56 -314
4
-137 442 384
425 42 476
17 104 410
-34 173 416
-105 270 468
99 167 454
6
-117 144 -163
207 -188 -415
51 -34 -272
-114 134 -318
51 -6 -259
-8 -122 -181
-38 138 -212
-44 137 -227
6
-175 459 -430
-472 233 -5
-378 446 -383
-205 402 -148
-255 352 -310
-384 416 -204
-420 362 -419
-395 332 -192
4
128 -85 -68
-442 298 -5
-125 163 -32
119 197 -9
-87 53 -50
-397 154 -61
1
-103 -454 199
116 -52 266
-9 -209 245
1
248 -201 -181
-30 9 -856
236 -157 -634
5
325 205 -396
25 -372 -651
95 106 -443
302 -237 -422
59 169 -438
322 -40 -557
165 -36 -604
2
132 429 -85
471 -179 -365
256 -70 -330
386 92 -178
3
-336 -112 44
-173 270 122
-255 226 58
-261 -80 89
-211 -28 97
2
78 -408 -96
86 43 240
84 -37 143
83 -209 17
6
-392 -288 -371
295 -60 -508
15 -234 -378
-68 -199 -436
-268 -190 -374
-391 -246 -454
36 -228 -426
-278 -179 -425
4
-236 -253 -422
279 -321 -36
-195 -307 -139
-224 -278 -131
207 -297 -412
-181 -299 -219
1
121 233 206
36 -385 -883
78 7 -186
2
-404 -230 -310
-397 279 -921
-402 -77 -779
-402 -102 -620
5
297 -225 -119
-232 292 -160
-181 -79 -135
-63 -207 -123
-44 -141 -132
99 192 -150
-75 -142 -140
2
-460 129 391
145 -8 486
-161 72 456
-169 64 425
2
-381 -27 -210
351 -269 -665
-119 -156 -607
343 -130 -438
5
202 -40 -360
57 230 -577
179 41 -515
168 112 -435
103 157 -367
85 161 -480
195 49 -451
3
-70 -111 -301
-129 248 407
-128 -34 -65
-74 171 -109
-76 127 -264
2
198 385 -379
-52 260 -658
13 333 -399
21 273 -404
1
327 -6 276
490 255 -230
419 80 205
3
320 -330 114
-106 -411 87
168 -392 113
203 -363 109
186 -350 113
1
353 225 -364
-60 -436 -9
-48 -371 -358
3
-375 -88 -292
-308 -310 316
-337 -257 -281
-328 -110 -269
-334 -111 204
2
-472 160 442
-499 369 -585
-490 223 -449
-480 275 -223
1
471 -239 369
-221 34 484
46 18 472
6
-157 -250 -395
475 8 -335
-156 -23 -382
-53 -158 -373
195 -211 -394
335 -211 -380
452 -237 -363
-142 -197 -370
6
425 -195 -450
-61 449 -506
361 42 -462
409 362 -453
-34 250 -457
151 349 -494
34 262 -462
187 399 -473
1
266 396 283
-31 -138 -697
26 -70 -424
3
223 333 -218
53 72 -436
91 113 -429
61 199 -292
126 306 -268
1
49 -29 415
-209 398 -324
2 249 125
5
463 23 118
362 340 -617
457 72 -410
409 255 26
446 312 21
435 117 -459
373 104 -50
1
400 155 341
127 -464 -139
308 -340 120
5
449 -372 105
58 64 -699
287 -91 47
240 5 -540
363 -159 -4
264 -87 -77
257 -362 -535
2
-159 264 -198
-240 277 -499
-224 269 -386
-195 273 -211
3
-219 492 -57
362 68 490
-91 372 -2
-144 346 22
-96 321 384
5
369 409 -361
-152 -291 -597
6 14 -437
-94 -259 -391
-136 -160 -560
-39 231 -415
328 -267 -496
2
288 434 333
168 290 137
240 329 320
280 330 236
4
158 -203 -49
429 463 -264
197 -32 -217
224 -66 -234
220 405 -258
349 235 -222
2
-111 144 -484
282 301 86
138 214 -119
175 185 68
4
-140 123 -63
-148 -27 -388
-144 59 -221
-144 72 -246
-141 115 -263
-141 59 -289
4
156 194 71
-35 -454 37
103 -139 39
126 82 63
72 -305 54
16 -383 67
5
-132 386 -364
-152 -36 -923
-138 55 -709
-150 254 -557
-140 258 -371
-135 85 -916
-133 362 -821
6
314 -282 -178
-351 463 -59
-125 47 -90
-266 54 -121
-188 295 -68
132 -150 -75
256 -100 -155
263 267 -124
5
-196 -59 -61
202 -333 -779
144 -187 -724
-124 -210 -294
195 -160 -193
-129 -108 -94
-149 -166 -585
3
-356 -337 188
217 -317 -673
-250 -320 -102
152 -321 -40
-261 -324 -146
6
-271 -456 373
157 -170 396
-126 -439 388
-261 -417 387
-191 -212 377
105 -194 395
-93 -314 380
106 -263 387
4
-45 139 122
-337 434 61
-142 412 82
-336 144 88
-80 378 111
-121 315 67
3
25 122 250
427 -253 14
57 -231 232
68 -49 225
224 -122 225
4
-228 67 -163
-332 -36 -979
-300 -17 -977
-306 -14 -935
-231 -22 -178
-287 -19 -579
5
233 394 -311
455 -16 -138
402 235 -246
350 258 -147
240 -4 -221
340 344 -148
273 284 -237
5
-239 178 -150
321 -275 -606
-194 17 -497
242 -94 -305
113 -188 -157
92 108 -561
-162 -189 -278
6
287 -443 219
-321 -270 209
75 -335 216
-259 -280 213
192 -369 212
-239 -336 214
-7 -294 210
186 -360 210
6
372 -174 355
98 -229 -342
175 -176 -106
114 -211 100
332 -176 -339
292 -196 162
348 -183 16
323 -199 254
3
28 -286 -279
-45 194 -398
24 -140 -372
-9 130 -286
-12 -7 -345
4
-281 228 27
-118 439 378
-232 383 370
-128 384 117
-167 373 356
-266 400 278
6
-496 -305 -456
-127 -269 -827
-244 -292 -527
-235 -276 -533
-475 -290 -583
-495 -287 -631
-458 -293 -612
-144 -275 -725
6
-109 -96 -373
-269 -278 -921
-129 -199 -810
-114 -131 -437
-110 -211 -501
-118 -277 -702
-169 -120 -414
-212 -266 -582
3
-267 72 429
-411 251 -581
-394 100 58
-374 101 373
-372 156 -516
4
-232 307 336
239 -272 -348
14 273 191
-122 230 276
152 284 -306
-208 1 217
4
127 -180 135
-263 -254 -556
-226 -188 -11
-151 -209 -38
-4 -227 -15
22 -183 -5
5
-190 -159 166
-476 106 333
-417 -28 296
-449 -135 187
-467 50 180
-249 -121 280
-415 1 233
2
-68 271 -247
-371 123 -70
-334 150 -170
-127 269 -237
5
336 262 22
50 -67 -429
259 125 -383
150 14 -44
323 101 -82
158 231 -155
147 244 -351
1
-264 315 -346
165 -201 -866
93 11 -427
5
257 -96 -148
-195 376 -211
73 -38 -167
211 13 -203
170 205 -204
13 192 -199
114 352 -194
2
-246 318 379
-411 370 309
-305 356 340
-275 346 314
5
-478 -22 -455
-244 185 -646
-345 59 -615
-340 102 -632
-422 116 -605
-329 7 -592
-388 129 -520
5
-166 -427 408
169 154 156
6 -256 310
45 -27 253
60 -155 357
29 -295 205
-70 -152 383
2
-93 -163 -476
-430 -154 30
-253 -155 -157
-154 -158 28
2
-7 422 -395
-491 148 -637
-70 258 -570
-405 328 -627
1
233 -145 112
399 -173 64
372 -166 107
5
19 -381 230
413 -185 215
232 -356 228
31 -289 226
192 -266 218
390 -224 224
37 -314 219
4
-249 150 185
336 -275 326
226 -167 187
40 77 234
67 -118 202
38 -105 223
4
483 201 292
-136 443 332
333 410 321
270 207 323
239 226 313
177 207 295
2
307 -195 443
18 -20 -900
289 -159 210
82 -56 -493
1
94 72 467
-87 317 -727
58 88 -415
1
435 -429 -207
-199 -408 -844
186 -421 -534
1
-312 -104 -208
67 -472 -941
-85 -302 -757
6
111 42 105
185 409 260
142 269 253
152 153 250
176 369 160
135 143 144
181 300 221
121 351 216
3
170 -7 87
-33 399 33
-12 125 78
71 33 43
76 9 48
5
-59 -129 -61
-399 196 -472
-81 -71 -427
-362 -6 -287
-262 -10 -228
-75 -114 -65
-265 193 -141
6
388 -23 -275
-142 471 385
271 245 -93
-137 171 178
27 208 111
-38 62 9
12 118 379
-115 48 -61
6
-417 -210 430
436 384 74
-131 131 308
-107 345 241
-109 -106 295
38 -156 208
390 289 144
-77 -186 429
1
-468 384 -417
85 147 -693
-381 340 -635
4
-321 -316 149
22 39 -862
-109 -4 -460
-155 -12 100
-190 -184 51
-257 -304 -157
5
-279 406 -191
208 147 -445
152 215 -366
-164 288 -422
-227 233 -322
-270 289 -244
-6 229 -423
2
291 -477 -482
237 85 -47
254 -38 -467
256 -25 -243
6
-113 -24 -420
-201 -468 -354
-184 -237 -385
-121 -375 -398
-171 -422 -380
-150 -43 -387
-180 -56 -392
-151 -127 -383
1
-280 408 371
452 -373 -139
407 282 229
3
-340 361 239
-219 297 -889
-283 359 -777
-323 302 -573
-252 345 -89
6
329 206 -7
180 -437 -77
268 -422 -37
189 -2 -55
183 -328 -48
286 -352 -69
247 -329 -24
314 -1 -41
3
-40 171 332
142 -60 -126
128 -15 314
116 169 -99
-11 30 172
1
-261 -244 -312
-217 -205 -372
-254 -210 -364
2
-140 -248 183
217 500 458
-98 -156 342
151 33 408
1
-56 -256 -300
-39 227 -683
-55 -194 -531
1
-86 -23 -162
417 5 -166
343 -20 -165
4
-301 4 -7
222 -460 -888
-252 -373 -873
-266 -324 -286
-171 -381 -799
-60 -373 -132
6
-240 -221 -248
-319 -236 -756
-293 -232 -324
-245 -235 -453
-288 -224 -650
-292 -230 -318
-302 -225 -484
-282 -233 -405
5
319 -267 -157
394 -142 -39
358 -182 -153
365 -226 -144
356 -225 -45
361 -245 -115
359 -159 -64
3
120 -43 -50
-472 -246 -418
-417 -159 -266
4 -198 -220
-80 -224 -70
1
69 -297 -453
-294 60 211
60 -197 -242
1
113 -401 -188
290 380 268
149 -392 -40
3
153 294 477
224 -50 -678
218 219 -457
180 241 412
163 195 -307
3
96 392 -308
67 -351 -960
77 -323 -493
85 297 -386
85 -278 -906
6
233 199 -350
107 429 -203
194 293 -250
158 332 -229
137 203 -260
229 334 -309
198 327 -330
140 375 -269
5
136 -18 -305
500 322 -285
210 138 -290
176 161 -295
139 105 -300
333 157 -294
475 67 -302
6
-342 -25 123
-39 -59 -710
-261 -51 -182
-127 -39 -144
-190 -28 -533
-286 -48 -336
-246 -29 63
-309 -57 116
5
-496 -286 -397
108 -401 -388
-357 -307 -394
10 -388 -393
-435 -292 -391
-443 -377 -394
-175 -292 -391
1
128 -56 95
-25 -103 -844
88 -83 -783
5
392 -313 -480
28 438 124
84 400 35
115 -130 -74
147 61 63
372 -234 -22
34 -197 -100
4
-42 156 -261
336 -192 34
177 -50 -161
146 -97 -113
47 146 -128
169 51 -221
2
290 -196 379
167 -123 471
213 -165 442
208 -138 463
2
-134 98 301
394 424 205
380 191 264
295 247 277
3
316 -247 -148
-366 -424 453
54 -415 21
-300 -377 166
-58 -387 -18
3
-8 -318 -451
427 -394 -779
78 -375 -612
379 -358 -613
256 -323 -579
2
49 -20 256
368 -27 -526
96 -21 194
245 -21 39
1
119 -384 105
-367 317 -269
-360 -201 -151
6
281 13 -408
-500 -135 12
84 -101 -210
-93 -22 -313
-46 -18 -294
-496 -71 -375
31 -49 -187
-361 -124 -182
5
-99 -422 462
173 194 -225
68 -194 317
65 -8 361
6 -201 -8
18 -17 -164
170 -317 450
3
-238 -9 -199
494 -482 39
293 -445 -86
56 -25 -80
243 -457 -2
1
-411 -301 354
-104 -16 -319
-376 -270 -173
5
35 -7 455
173 -280 -131
68 -13 -82
111 -155 160
131 -242 364
75 -205 43
95 -125 125
4
-257 362 -83
366 51 306
308 81 -20
307 59 258
-125 305 -30
323 57 119
5
-173 214 148
-39 222 -617
-52 218 -270
-156 217 -198
-90 220 -23
-122 221 143
-96 220 -95
3
-88 378 -339
-395 -400 20
-328 -280 -75
-163 -187 -37
-114 112 -294
1
464 -188 -417
349 -270 75
417 -255 -169
1
390 -390 260
32 -371 -738
299 -385 -237
5
-56 -254 261
-437 -199 -629
-380 -215 258
-180 -239 32
-428 -213 -578
-233 -213 -520
-355 -221 20
1
485 -144 -435
55 -103 384
427 -106 351
2
-206 53 -3
-7 192 493
-184 125 81
-63 122 195
4
-51 -276 -156
419 74 149
337 -115 35
-43 37 -107
118 -252 119
-39 30 -40
5
458 -348 -37
221 -197 329
329 -258 259
380 -306 289
238 -202 294
384 -257 30
302 -259 325
1
25 -377 -269
-496 108 -899
-193 -39 -854
5
23 372 290
-426 458 -755
-231 441 -719
-126 421 -686
-256 387 3
-392 394 -439
-44 406 84
6
474 414 439
-303 -257 -415
-41 -129 158
-120 277 420
-186 202 263
409 394 -398
344 -149 -147
120 191 -12
6
-461 179 -375
76 63 -552
-175 114 -449
-373 79 -434
8 72 -485
-41 172 -507
-333 176 -521
-439 142 -415
2
-301 -480 -271
441 332 -771
164 160 -430
413 97 -281
1
155 -95 401
59 470 -596
74 347 -359
0
